-0.794903
-0.728386
-0.645729
-0.10322
0.0540051
1.12447
2.35978
2.11848
-1.00259
3.01962
2.94647
-0.00792125
2.73331
0.58687
0.436289
-0.635387
0.871704
-1.53208
0.410872
-1.35924
-0.940618
0.873466
-1.0304
-0.132326
-1.30195
-2.38851
-0.798821
-0.587775
-2.00978
0.228825
-0.200872
0.974335
-1.65521
-0.396734
-0.499827
-0.555281
0.760655
1.9672
0.223717
-0.252467
1.6398
-0.339283
2.7353
0.850591
1.83187
-0.116084
1.16159
1.15576
-0.00262331
-2.046
0.657546
0.213106
1.22984
-1.92187
-1.21967
-1.36705
-0.543557
-1.35675
-0.640468
-1.61646
-1.58248
-0.689118
-2.04403
-0.419438
-0.570563
0.190652
0.307392
-0.81382
0.181385
-1.05634
-0.0101814
0.614371
1.10986
0.423684
0.516574
1.17449
-0.299325
-0.469484
1.02747
1.18103
0.826041
-0.46111
1.55391
0.312434
0.30397
-0.627684
-0.435326
-1.74976
-1.05069
0.374182
-0.680399
-0.897062
-0.0259762
-1.15795
-1.73113
-1.18082
-0.826939
-0.604562
-1.39332
-1.01474
-0.952757
0.579685
-0.0763289
1.05416
0.931744
0.956701
-0.453327
1.02689
1.08602
0.437363
1.15757
1.54036
0.437967
0.926167
0.0996407
-0.116392
0.661767
-0.226797
-0.236075
-1.60334
-1.09031
0.509464
-0.579976
0.0696987
-1.10579
-1.7777
-1.0047
-0.243771
0.510674
-1.32493
0.14856
-0.99117
-0.628671
-0.635787
1.4758
-0.853913
1.48132
1.00617
0.939375
1.40474
0.119711
1.18543
1.85725
2.46265
-0.0691905
2.68065
3.07903
0.2776
-0.304414
0.484421
-0.209885
-0.118576
-0.855707
-1.9972
-0.247591
-0.599592
-1.35132
-1.28223
-1.4297
0.0674269
-2.52061
-0.411571
-0.614671
-1.32897
-0.748257
0.595322
1.08199
-2.26283
-0.0664429
0.209371
1.97397
1.47278
0.791923
-0.366401
1.15067
1.7341
0.139199
0.0966547
-1.1121
1.69569
0.643253
0.634609
-0.142892
-0.422344
0.283688
-0.301001
-1.56684
-0.160031
-1.15066
-0.287724
-1.58467
-0.428534
-1.49917
-1.23535
-0.0410996
-1.92976
-0.704845
0.384804
-0.665701
-0.285882
2.35882
-1.06051
0.847554
3.69584
0.455519
0.524923
0.0593429
1.33186
1.21373
0.991855
3.03472
0.522566
-0.0621847
-0.465773
1.62421
-0.82633
1.21077
0.681843
1.02917
0.944133
0.838215
-0.246883
-2.27243
-0.184265
-1.13205
-1.98274
-1.86641
-1.87055
1.20394
-2.0691
0.671312
-0.296465
0.185064
-0.833605
0.782552
-0.512816
1.3134
0.0195955
-0.0707863
0.019747
1.40757
0.795382
1.49623
1.13534
0.957287
2.67622
1.30995
1.69343
0.148093
0.314649
0.296814
-1.14603
2.27765
0.198966
-0.527983
-0.84604
0.522301
-1.00225
-0.793924
-2.05002
-2.18363
-1.83157
-0.443051
-0.10764
-0.226259
-0.256224
-1.51123
1.37728
1.3369
2.61012
-0.0510525
0.367991
-0.328026
0.672575
1.25374
1.81314
2.26292
1.24355
2.30198
0.288393
0.151455
0.453236
1.80224
-0.985857
-0.127204
0.320928
-0.584762
-0.272007
-1.12446
0.0114021
-0.576518
0.0820956
-1.38622
0.0779704
-1.22981
-0.728959
-0.463131
-1.63166
-0.417525
-0.07955
-0.547019
-0.753565
0.491086
-0.971319
1.82042
1.73927
1.39951
-0.4462
1.48283
1.58068
2.06981
0.824287
1.60106
0.888153
0.684324
-0.0449217
0.123471
-1.53976
0.573078
0.628899
-1.79557
-2.21829
-1.89599
-1.38091
-0.146192
-0.923489
-1.05787
-0.783311
-0.0438088
1.34572
0.216068
-0.27962
-1.2936
0.465109
-0.449477
1.81979
1.65876
0.691512
1.73987
-0.333767
2.17605
3.07452
0.0584385
1.65704
1.95156
0.75313
0.485484
0.0669693
0.648331
0.212059
-1.4411
0.251539
-0.429325
-0.709666
-0.912379
0.935077
-0.751454
1.41908
-0.416929
0.784536
0.968984
-1.65755
0.263867
-0.537081
-0.424065
-0.186151
-0.120502
0.987157
-0.406424
0.258198
1.38613
0.960544
2.00773
1.60541
0.824996
1.77427
2.45169
0.11428
0.351974
0.516118
0.431471
-0.0437262
1.58442
0.264164
-0.570677
0.526385
0.251711
-0.341392
0.683598
-0.868079
-1.2043
-1.58238
-2.23062
-0.887136
-0.870455
-0.591849
-1.66701
-2.91773
-0.560758
0.0682606
0.579245
-0.912521
-0.315912
1.78279
0.756752
1.18715
1.93529
-0.367114
2.58862
1.36818
-0.00940268
0.102072
0.155934
0.926113
-0.0963164
0.817979
0.0436296
0.14964
0.9537
-2.01832
-0.702661
1.19631
-0.137708
1.24034
-1.30196
-2.33528
-1.53232
-0.966184
-1.76063
-1.4333
0.174694
0.101133
-0.374295
0.876993
0.463062
0.216624
0.835493
0.954835
0.508028
0.169551
-0.111956
1.98086
0.245312
-0.663536
0.00944602
0.81512
0.541401
0.460186
-0.261847
0.991686
1.58388
-1.00715
-0.26927
0.7496
-1.94796
0.00334425
-2.09167
0.835438
-1.61709
-1.80381
-0.0783767
-1.51525
-1.09059
-1.11789
-0.318368
1.85397
-0.49054
0.166946
-0.0520885
3.06219
0.537853
0.370875
-0.117159
0.905168
0.469046
1.8164
2.87031
2.47256
0.646715
1.69292
-0.0380367
1.30773
0.76182
0.655121
0.196678
-0.872199
-0.634936
-0.284169
-1.74141
-2.82808
-0.511674
-2.33051
-1.17179
-1.48415
-1.50223
0.717462
0.46611
-1.92111
-1.61595
-0.0546749
-0.168712
0.065691
1.13832
1.46856
-0.292863
1.52383
1.41826
0.502885
0.722051
1.42842
1.10968
-0.682286
1.93488
-1.3135
-0.166798
-0.130588
0.0503188
-0.399705
-0.503392
0.00336017
-0.245006
-1.08578
0.3135
-0.244955
-1.48857
-2.77607
-1.98104
-0.280573
0.667758
-1.821
-0.442094
-1.3949
-0.384815
0.0903651
0.0175677
0.324592
0.705315
-0.460569
1.03111
1.64469
0.569668
0.827313
1.16946
0.676418
0.84754
2.44692
0.447488
0.144568
-0.598888
-0.651273
0.568229
-0.181866
0.757962
-0.217789
0.857174
-0.903188
-0.402814
-1.26033
-1.78539
-0.218099
-0.631428
-0.928179
-1.01154
-1.60939
-0.662236
-0.220105
-0.399556
-1.31406
0.760476
0.962
0.514557
1.63896
1.2398
0.944482
1.22156
0.795882
2.02381
0.520552
-0.216905
1.98484
0.132535
1.01842
-0.753521
0.681255
1.27343
-1.60548
-0.0580098
-0.79016
-0.0475099
-1.1564
-0.0595738
0.18368
-0.130137
-1.31903
-1.01038
-0.399513
-0.802422
0.975119
0.691117
0.456618
-1.42197
-0.642568
-0.355504
-0.234339
1.38209
0.615754
2.53465
2.14184
2.54918
2.61331
0.497061
1.5107
1.01545
0.838928
1.95561
0.149121
0.185353
0.533539
-1.89977
-2.17994
-0.0786575
-1.44766
-1.23828
-1.52144
-0.276724
-0.664457
-1.33709
-1.53489
-2.01477
1.00793
-0.199621
1.13547
-0.0105875
-1.25569
0.0992106
1.69046
0.431197
1.16576
0.0698544
0.812705
1.40946
1.06325
1.6751
0.597657
1.05794
0.639206
1.06098
0.85983
0.761626
-0.339938
-0.874135
-0.000317055
-0.369424
-1.42738
-1.55035
0.503924
-0.00454723
-1.57366
0.445684
-2.04911
-1.73322
-0.811147
0.320184
-2.26421
1.62113
0.798833
-0.441298
-1.1231
0.665641
-0.40046
0.094031
2.54033
1.90884
-0.0493179
1.42933
1.32864
1.31748
0.929402
0.835607
1.51403
0.14165
0.369052
1.18763
0.776757
0.242199
-0.784587
-0.81527
-1.59082
-0.901813
-0.627157
-0.236512
-2.80921
-1.0604
-2.91995
-1.79666
-0.775786
0.268629
-0.470759
0.0164203
-0.0247666
-0.854633
0.0335157
-2.23782
-1.28971
0.316799
1.7684
0.664512
1.11663
2.62293
1.11043
-0.00827425
1.10256
-0.142824
1.64655
0.239923
0.250937
-1.33716
-0.689146
-0.409492
-0.190512
-0.138554
-0.938368
-0.0673687
-0.823758
-1.65753
-0.488373
-0.932573
-0.904077
0.0488669
0.289538
0.0389256
0.343929
0.981222
-0.771423
1.45619
-0.604204
1.92018
-1.66152
0.390153
1.65591
0.633603
2.09476
1.68401
2.70548
1.41792
0.603194
0.509241
1.95058
0.385633
1.11478
0.233026
0.46878
-1.37838
-0.205007
-0.164145
0.154838
0.886884
-0.494049
0.44146
-0.820021
-0.500702
-1.31016
-2.51106
-0.175408
0.253096
0.384275
-0.359582
0.587564
-0.666694
0.337541
0.496712
1.78473
2.83439
1.00393
2.03043
0.0580873
0.401793
1.23995
0.82065
0.599747
0.274883
-0.516333
-0.114627
-0.243028
-0.244319
-1.60093
-0.843671
-1.36016
-0.731942
-0.644572
-0.937954
-0.0643769
-1.87876
-2.23651
-0.31508
-1.64097
-1.12612
-1.53339
0.0458921
0.0317522
-0.260836
-0.0757192
0.623634
0.142851
1.41614
-0.0948474
0.195494
0.857303
1.29946
-0.143518
1.35909
-0.98883
1.50871
-0.0401701
-1.76362
-0.233961
0.886045
0.339982
-0.640736
-0.9169
-1.5981
-0.0417741
-1.53994
0.695158
-2.02277
-2.58036
-0.380208
0.297931
-1.03613
-0.0141709
-1.29397
-1.44375
1.10195
1.00579
1.04129
0.619087
0.596494
0.920502
0.198592
0.485586
1.02566
-0.911545
2.39488
0.226873
1.33499
0.922369
0.323261
1.10506
-0.343673
0.395094
-1.21335
-2.03154
0.505485
-0.578656
-1.35186
-1.57447
-1.91528
-1.99039
-0.758249
0.14331
-0.841472
-0.9705
-0.578666
-0.457897
-1.42922
0.891095
-1.27722
-0.951819
-1.47063
-0.296756
1.1449
1.06094
0.838597
3.08875
1.91553
1.32816
1.23659
-0.929855
1.4001
1.38915
0.451172
0.366412
0.586326
0.604498
-1.10824
-0.517931
-1.5149
-1.83786
0.151088
-0.358221
-0.232969
-1.3474
-1.1442
-1.19437
0.176448
-1.0701
-1.11354
-0.818885
-0.980063
-0.688626
-0.390868
0.336779
0.133265
0.436186
1.75535
-0.301201
1.11062
-0.299848
0.0574706
0.0624422
2.49997
0.406657
0.859818
0.372792
0.989136
0.15479
1.56896
0.397308
-0.779402
0.443325
0.185355
-1.27375
-0.726542
-1.2346
0.037965
-3.32623
-1.18343
-0.191822
-1.04783
-1.50836
-1.59828
-0.258582
-1.76939
-1.62549
0.523335
-0.291794
1.18714
0.799534
0.892713
0.634222
1.59444
0.735922
2.37428
0.95502
0.441372
-0.975298
0.246055
0.947262
-0.894343
1.55066
-1.16627
-2.09829
-0.543201
0.401239
0.257827
-1.65503
-1.19794
-1.1632
0.327704
-0.895996
-0.829018
-0.525016
-1.26153
1.00479
0.00225634
-1.63019
-1.50094
0.36095
0.777925
-1.42338
1.70771
1.8892
0.123347
0.164247
2.2224
2.32423
1.81683
2.11807
1.39732
0.594829
0.238801
0.478608
-0.421003
0.0506657
0.440087
-0.95817
-0.79906
-0.222842
-1.91226
-2.65082
0.221088
-0.0897591
-1.06829
-1.25711
-1.1992
-0.826083
-1.02532
0.86838
-0.969223
-0.564522
0.142699
0.867088
-1.52253
0.405683
1.25329
-1.33265
1.0229
0.462216
0.791605
1.09362
0.681908
3.14764
0.0184569
-0.279078
0.790198
0.562276
0.288543
0.198664
0.51561
-1.8996
-1.47331
-3.57423
-2.52574
